"id","ghostProb_LR","ghoulProb_LR","goblinProb_LR"
0,0.001888236438613,0.401947544888625,0.596164218672762
1,0.00420502851166057,0.378574986214778,0.617219985273561
2,1.03171943638848e-06,0.959447103902693,0.0405518643778703
4,1.01990153033537e-06,0.990529740624878,0.00946923947359124
5,0.368022547551088,0.408781783084319,0.223195669364594
7,0.100298153581471,0.0305066801660447,0.869195166252484
8,0.0288987044571269,0.410861794294532,0.560239501248342
11,0.0169201716578432,0.421991643567439,0.561088184774718
12,0.98507798573122,0.000144754876520668,0.0147772593922591
19,0.999976437387678,6.86262621137245e-08,2.34939860602783e-05
22,0.825361306436049,0.00603896797127654,0.168599725592674
23,1.26072240110964e-05,0.975865347329363,0.0241220454466263
25,7.98637339469312e-05,0.729092583848298,0.270827552417755
27,0.166385487703037,0.1359173616885,0.697697150608463
28,4.27360684457898e-05,0.681872964827334,0.318084299104221
29,0.00168003970916639,0.56320536219277,0.435114598098064
30,0.170601661915629,0.0248391156624045,0.804559222421966
31,7.12582364722601e-07,0.992274219071619,0.00772506834601638
32,0.00303805723700499,0.416047915277496,0.580914027485499
34,0.31207586825542,0.279582404860256,0.408341726884323
35,0.0455529493487656,0.223660641353202,0.730786409298033
36,0.0146543975592606,0.268291567048367,0.717054035392372
37,0.00940494734557987,0.219350869088828,0.771244183565593
39,0.00819395290758917,0.313352053748065,0.678453993344346
45,7.04037383889443e-06,0.842999340188757,0.156993619437404
47,0.983015726698045,0.000365455100885792,0.0166188182010689
54,0.00106443098079883,0.386522412677973,0.612413156341228
56,0.0818362919818267,0.314820914245312,0.603342793772861
58,0.215271391797888,0.0939579961682547,0.690770612033857
62,0.0691120007488451,0.0449327716805969,0.885955227570558
69,0.455784175806359,0.114562485794724,0.429653338398917
70,0.972403480732798,0.00028822050062592,0.0273082987665764
71,0.00246242885230696,0.812474036474803,0.18506353467289
72,0.053997977287682,0.0835588064184974,0.86244321629382
73,0.00265164772209125,0.72703603354065,0.270312318737259
75,0.862677957986102,0.0011386992561602,0.136183342757738
79,0.199678141413248,0.193479357328657,0.606842501258095
80,2.0603417732044e-05,0.935823982205127,0.0641554143771408
82,0.00024444916324559,0.713330309410086,0.286425241426668
84,0.839998832761223,0.0149338153967973,0.145067351841979
85,0.00053732148753927,0.637975752976781,0.36148692553568
86,0.459924168984217,0.131439716278137,0.408636114737646
88,0.338093573406133,0.115491802284402,0.546414624309465
89,0.195911176608504,0.256929687070336,0.54715913632116
90,0.00603879444454864,0.319629318061918,0.674331887493533
91,0.873423077993843,0.00416451390079914,0.122412408105358
93,0.00241156372452311,0.893297269685555,0.104291166589922
94,0.999731674257174,1.79807754740538e-06,0.00026652766527902
95,0.282814789624414,0.183756242992325,0.533428967383261
96,0.0181649189800794,0.130451850510266,0.851383230509654
103,0.000885955007691988,0.647389189217305,0.351724855775003
107,1.41083709900853e-06,0.983506686875717,0.0164919022871844
109,0.999998494156503,5.94685159087077e-09,1.49989664497226e-06
111,0.573809026367732,0.205264605386152,0.220926368246116
113,0.94577138639623,0.00361475454042475,0.0506138590633448
115,0.0012528631065003,0.344549260122464,0.654197876771036
118,0.985934739322248,0.00012157308464818,0.0139436875931039
119,0.0256569990336486,0.466560359229364,0.507782641736987
125,0.909459233613353,0.00870330144941909,0.0818374649372279
128,6.92842138524174e-06,0.936623808542793,0.0633692630358214
129,0.0358172237116881,0.312515928789205,0.651666847499107
130,0.587932651282532,0.0212908266112525,0.390776522106216
131,6.00659312078177e-05,0.912770343853277,0.0871695902155147
133,0.430330394784878,0.0856115656513787,0.484058039563743
141,0.000195272056930589,0.906513404363267,0.0932913235798026
142,0.951499771710303,0.00472216318245907,0.0437780651072375
143,0.812532822779547,0.00137523643390028,0.186091940786553
155,0.000394383025856636,0.870740410913796,0.128865206060347
157,0.999618675451946,8.52286076874742e-06,0.000372801687285537
159,0.0952713919565696,0.182521123762716,0.722207484280714
161,0.0192357426016463,0.557097649037789,0.423666608360565
162,0.999970352727343,2.03065820713607e-07,2.94442068358164e-05
163,0.949809890205266,0.00160212694271879,0.0485879828520154
165,0.000321575838785599,0.597682045412525,0.401996378748689
168,0.00117686528643445,0.594207872288592,0.404615262424973
170,0.0116786418395058,0.271729282058288,0.716592076102206
172,0.00268720004591519,0.368330452171565,0.62898234778252
174,0.998418936391183,1.93793967409198e-05,0.00156168421207579
175,4.45627502715482e-06,0.94361301253217,0.0563825311928023
176,0.00309502218560455,0.633138487403576,0.363766490410819
177,0.801072453809305,0.0742722377826221,0.124655308408073
180,0.933454806422293,0.00201284152914485,0.0645323520485625
185,0.989746172190493,7.06246681925693e-05,0.0101832031413143
186,0.00995296774563863,0.595265107870014,0.394781924384348
189,0.996711122321507,2.96596390567077e-05,0.0032592180394358
192,0.0374776727776904,0.0540524405946216,0.908469886627688
193,2.78785353186125e-05,0.908113006634033,0.0918591148306481
194,0.532377093699771,0.140836697129817,0.326786209170412
195,4.41695050386073e-05,0.652903156675373,0.347052673819588
197,3.93799571836303e-05,0.84944293471447,0.150517685328347
199,0.852167215225196,0.00373681141378508,0.144095973361019
204,0.00018711194340755,0.749908739293463,0.249904148763129
205,0.00214258787274683,0.31579140345429,0.682066008672963
206,0.00230953042751178,0.469267527888762,0.528422941683726
208,0.0224531645272189,0.399351134883769,0.578195700589012
215,6.1781190065026e-05,0.499737354923573,0.500200863886362
216,0.999901461566669,5.39995475961848e-07,9.79984378547797e-05
218,0.0842961458113493,0.19219720628977,0.72350664789888
219,0.335360846807444,0.0265032713945915,0.638135881797964
222,0.72973867309019,0.00875825072989538,0.261503076179915
224,0.999441292583696,1.9335297252421e-05,0.000539372119051617
226,0.966414606133553,0.000854922522530745,0.0327304713439166
227,0.98048297559594,0.000632010083352767,0.0188850143207073
229,0.612032964354789,0.00659900900627653,0.381368026638935
230,0.137634599417945,0.109846108147074,0.752519292434981
233,0.652771108902473,0.0362473488770018,0.310981542220525
237,2.15438673817181e-05,0.947337838593696,0.0526406175389225
247,0.26155474416493,0.01351958128605,0.72492567454902
258,0.0149251068477405,0.258366179886962,0.726708713265298
261,0.00042031031233724,0.803998998207124,0.195580691480539
262,0.977127476633786,0.000573764448154835,0.0222987589180596
263,0.28215027990268,0.0228406211297992,0.695009098967521
264,0.000319428077234833,0.644230470806125,0.35545010111664
265,0.987784773553344,0.000331087395562246,0.0118841390510939
266,0.033414378035091,0.29183248094249,0.674753141022419
268,0.942330691263171,0.0086148963712538,0.0490544123655749
272,0.940248619951118,0.00193614170640384,0.0578152383424782
282,0.00826843248202543,0.426342138776964,0.56538942874101
283,0.994141680332526,2.32729575364376e-05,0.00583504670993719
285,0.000130672659951274,0.799346315550537,0.200523011789512
286,0.713777445946016,0.0119978356985933,0.27422471835539
287,0.105796457627698,0.0621041286134938,0.832099413758808
291,0.20302423643363,0.141056773633741,0.655918989932629
293,0.00013330717913989,0.579945247089838,0.419921445731022
294,0.0116312450651892,0.41063709396866,0.577731660966151
296,0.534202540520034,0.173188034258913,0.292609425221052
299,0.694924567936752,0.0138193898154441,0.291256042247804
300,0.708733531228864,0.045021884818265,0.246244583952871
301,0.000974840815900436,0.520935992411776,0.478089166772324
302,0.000390297163907363,0.745717819468598,0.253891883367494
305,5.54361894300321e-05,0.777145297185217,0.222799266625353
306,0.00938111781276269,0.790742443490348,0.19987643869689
307,0.00353915815326721,0.435270293162275,0.561190548684458
313,4.5234215723323e-05,0.713784903644807,0.28616986213947
315,0.00223026363000936,0.496952983468012,0.500816752901978
321,4.85893641650576e-05,0.863997174570036,0.135954236065799
323,0.0012449779758789,0.224809540042408,0.773945481981714
324,0.985571112515149,0.000234484608042234,0.014194402876809
325,0.124435798324923,0.118835495699323,0.756728705975754
327,0.000724837525488662,0.529904410024942,0.469370752449569
329,0.037306413773405,0.109020045295742,0.853673540930853
333,0.164310248169697,0.0823956222093819,0.753294129620921
336,0.810238588266047,0.0151083598961545,0.174653051837799
338,0.0139867817601056,0.781789729969021,0.204223488270874
339,0.00161414334862228,0.575592171629869,0.422793685021509
340,0.530447558548414,0.0252520548391219,0.444300386612464
342,0.732139080933363,0.0173212858825034,0.250539633184134
343,0.186769551447594,0.0292223215048531,0.784008127047553
346,0.00337060147966441,0.5264948009588,0.470134597561536
351,0.0454197709127468,0.566927073124215,0.387653155963039
355,0.477776299283106,0.0618324265823047,0.460391274134589
358,0.866700915327934,0.0202085564982867,0.113090528173779
359,0.799586469122058,0.0069662983552464,0.193447232522695
362,0.000109637495759456,0.949367068258058,0.0505232942461831
366,0.799401448412201,0.00776674003810832,0.19283181154969
367,0.000121204522470087,0.947633808166759,0.0522449873107713
368,0.172137940170257,0.0469225929712967,0.780939466858446
369,0.00473178414478612,0.482754555730383,0.512513660124831
375,0.999602865633257,1.24520579471781e-05,0.000384682308795979
385,0.992609902733258,6.18154884039753e-05,0.0073282817783378
387,0.984398406621339,0.000258408440954827,0.0153431849377057
389,0.0719832846414615,0.126355389408616,0.801661325949922
390,0.0100824559860627,0.343411166860565,0.646506377153373
393,0.00293652022189817,0.711769997975678,0.285293481802424
394,0.00270295037876999,0.482465152112463,0.514831897508766
397,0.000579033641389446,0.672832926690538,0.326588039668073
399,6.05078417728923e-05,0.837798887829758,0.162140604328469
401,0.373684783743765,0.0730815605014377,0.553233655754797
404,0.918172939921611,0.00881926283498482,0.0730077972434043
409,0.914465918111649,0.00503776145694414,0.0804963204314072
410,0.000123375460153606,0.475539813572396,0.52433681096745
412,0.999785294649782,9.93683828727304e-06,0.000204768511930785
416,0.380420480362324,0.0874296774837885,0.532149842153887
419,0.985000448919759,0.000364107975937249,0.0146354431043042
421,0.975508481332739,0.000759613066855896,0.023731905600405
422,0.994212277133117,2.00207601195831e-05,0.00576770210676387
427,4.57809659725898e-06,0.89791990043054,0.102075521472863
428,0.999997018400364,2.61915239480268e-09,2.97898048368122e-06
429,0.301591066358878,0.0772745071323899,0.621134426508732
434,0.00063931852827359,0.833962247691812,0.165398433779914
435,0.913259285100852,0.00312135132869949,0.0836193635704489
447,0.991209806861917,0.000122721903716525,0.00866747123436674
448,0.000998881975924861,0.825382218857089,0.173618899166986
450,0.997626872437477,6.73786562300057e-05,0.0023057489062925
454,1.33162794697597e-05,0.808813672058846,0.191173011661684
458,0.0515848773937246,0.566875044288195,0.38154007831808
462,0.965465301842196,0.000341608051130442,0.0341930901066739
464,0.999829900476525,5.81282857363955e-07,0.000169518240617767
465,0.999837010727791,8.11267801517225e-07,0.000162178004407851
466,0.000310898414461806,0.710956002905181,0.288733098680357
467,0.165960780677766,0.350804800353711,0.483234418968523
470,0.22239257356694,0.193993205086283,0.583614221346778
472,9.93875311372721e-05,0.909139204684869,0.0907614077839938
476,0.991566066771887,7.65165575216145e-05,0.00835741667059097
481,0.00660231153909815,0.0663612723285338,0.927036416132368
482,0.365705675851913,0.110626066991954,0.523668257156132
487,0.000619038884995095,0.848640696323044,0.150740264791961
492,0.55168599326463,0.114466887871993,0.333847118863377
494,0.978879564472495,0.00165236263762477,0.0194680728898804
495,0.917916377534385,0.00642040681994185,0.0756632156456731
497,7.09378960826848e-05,0.835138517409946,0.164790544693971
501,3.00504932487996e-05,0.702445917941647,0.297524031565104
502,0.0091398702252684,0.207907599154555,0.782952530620177
506,0.00133466829771297,0.467724567201951,0.530940764500336
507,0.777413272434283,0.00692150281533268,0.215665224750384
509,0.998742526958452,1.42173870296596e-05,0.00124325565451878
510,0.00037029691350957,0.758669624825089,0.240960078261402
511,0.00204737025295456,0.805098929313777,0.192853700433269
514,0.0352450146535624,0.242918855954292,0.721836129392146
515,0.0437179521182473,0.284795999590446,0.671486048291306
518,0.00967104309718077,0.345466975095239,0.64486198180758
520,0.000153291288789317,0.596355320486757,0.403491388224453
523,0.0651748142725911,0.250051784555656,0.684773401171753
528,0.987051835412714,0.000920045353594922,0.0120281192336913
534,0.00327735395052095,0.761611451754366,0.235111194295113
536,0.000780934363213993,0.739359710272439,0.259859355364347
540,1.09583924421893e-05,0.937453177630186,0.0625358639773723
542,0.998918659424408,7.705410164526e-06,0.00107363516542731
545,0.459161808479936,0.0749421927661888,0.465895998753876
547,3.76876704850627e-05,0.832583980218724,0.167378332110791
549,0.999864513392801,5.06432259749913e-07,0.000134980174939115
552,0.00137859282673762,0.611219035262623,0.387402371910639
553,0.226237946687456,0.0603989357763864,0.713363117536158
556,0.0195422774200235,0.0568115059177688,0.923646216662208
557,0.0121883873758736,0.343236187648593,0.644575424975533
558,0.00267325649422476,0.656852048319737,0.340474695186038
559,4.44750992144516e-05,0.879981520424793,0.119974004475993
561,0.000190477298031257,0.698757907611665,0.301051615090304
564,0.985690733193971,0.000236164568747641,0.014073102237281
565,0.0042004418585068,0.739126382034821,0.256673176106672
570,0.0104949373861379,0.883485014637737,0.106020047976125
574,0.861759065763785,0.0151408984111085,0.123100035825107
575,2.43374693988702e-06,0.952054418841147,0.0479431474119133
579,0.00360137826358756,0.522714960026757,0.473683661709656
580,0.392186294600943,0.00943000998477094,0.598383695414286
581,0.112365861875693,0.0423034502515151,0.845330687872792
582,0.0236113288668548,0.338322340765049,0.638066330368096
583,0.000119317764999958,0.946498393818173,0.0533822884168274
584,1.00501786475373e-05,0.927225172397346,0.0727647774240069
585,0.178769330018469,0.0294963942901808,0.791734275691351
586,0.000698086354052343,0.64534179295754,0.353960120688408
589,0.0360756545107774,0.392873649726136,0.571050695763086
590,0.934342070712037,0.00434422013846246,0.0613137091495004
593,0.997522487940707,9.1343283621619e-06,0.00246837773093087
594,0.972876949326928,0.000690660493613386,0.0264323901794584
598,0.999773283262987,3.82514582828135e-06,0.000222891591184963
600,0.941554086635037,0.00332831926366494,0.0551175941012981
601,0.997100832086763,1.20548051113692e-05,0.00288711310812515
604,0.015557961981477,0.0986293627604941,0.885812675258029
607,7.77954673679188e-08,0.993478162194854,0.00652176000967819
608,0.000177198517637696,0.779394698384376,0.220428103097986
609,0.999350326608593,6.77196498162459e-06,0.000642901426425688
610,0.169211246553822,0.162671447836611,0.668117305609567
614,0.0057943458026109,0.565081524718657,0.429124129478732
616,0.999797991372663,1.18527975698447e-06,0.00020082334758034
617,0.229881617954786,0.0816212741346839,0.68849710791053
621,0.00011166131377197,0.945481573356185,0.0544067653300432
625,0.999361515602474,1.64406406706032e-05,0.000622043756855848
627,3.7160142698735e-06,0.881487977582771,0.118508306402959
630,0.0176765364029396,0.113646644736944,0.868676818860117
631,0.935020095383604,0.00765267376817969,0.057327230848216
632,0.990390978596398,0.000119077861549206,0.00948994354205233
637,0.160680411578627,0.0285574809513355,0.810762107470038
641,0.235951417392954,0.06373156272536,0.700317019881686
647,0.0015358095575892,0.342477832285031,0.65598635815738
651,0.60300413889871,0.0976722556018533,0.299323605499437
653,0.978114017047339,0.00188533750371211,0.0200006454489492
654,0.0864333308477424,0.0596926413961868,0.853874027756071
661,0.0317631743363089,0.243661747459443,0.724575078204248
662,0.00201503000857944,0.37872241396536,0.61926255602606
663,0.0175060259508609,0.568361780002639,0.4141321940465
664,0.999999796585105,3.34014104435347e-10,2.03080880823709e-07
667,0.99994639762464,6.52375715548134e-07,5.29499996446807e-05
669,0.0935740963532435,0.273012830772016,0.633413072874741
674,0.000323963759901617,0.811057245941346,0.188618790298753
676,0.671327717924532,0.01155757176018,0.317114710315288
677,0.926875614208709,0.000646025725060089,0.0724783600662311
678,0.737914886507162,0.010203914051921,0.251881199440917
679,0.000153762083038719,0.778943821742795,0.220902416174166
680,5.91220493034678e-06,0.821570153716584,0.178423934078486
682,0.469806363033499,0.068891717847895,0.461301919118606
684,5.76474534844339e-05,0.910464068074631,0.089478284471885
685,0.117829120507562,0.168021266142318,0.71414961335012
686,0.873022518576694,0.00737663517474737,0.119600846248559
688,1.86168255218934e-08,0.98974022872148,0.0102597526616942
690,0.997836337322449,2.89849466689603e-05,0.00213467773088223
693,0.00266081918953852,0.618754727649159,0.378584453161302
695,0.0782317739388196,0.616371942608248,0.305396283452933
696,0.0321372319442897,0.462436113696469,0.505426654359241
698,0.00113593348788335,0.677958047326267,0.32090601918585
699,0.999628935029791,1.0381605585037e-05,0.000360683364623853
700,0.00200820960125064,0.497347233277474,0.500644557121275
701,0.0192004944110763,0.123007587856359,0.857791917732564
705,0.996520538310674,0.000164803099747197,0.00331465858957869
708,0.00264597590827358,0.72857429633296,0.268779727758767
709,0.00169343897844755,0.4805881635999,0.517718397421652
714,0.00032857478881613,0.374562672727369,0.625108752483815
715,0.159475965385998,0.0709864293225477,0.769537605291454
716,0.00696716157635038,0.494480927390049,0.498551911033601
719,0.800748934312899,0.00971169435055126,0.18953937133655
721,0.807390495666323,0.0172689638147659,0.175340540518911
722,1.24977992228329e-06,0.983432909527428,0.01656584069265
727,0.950900237368427,0.000747509438467998,0.0483522531931049
728,1.42672048494697e-06,0.94434890684023,0.0556496664392846
729,1.90256100693311e-05,0.966200455058954,0.0337805193309771
731,2.25021761006918e-05,0.926385950929419,0.07359154689448
732,3.60203102202404e-06,0.980109286709106,0.0198871112598721
733,4.50402588213893e-06,0.981536017219955,0.0184594787541625
734,0.0107642918142118,0.574412301886416,0.414823406299372
736,0.00186649425549999,0.37286895100092,0.62526455474358
737,0.000310450912113439,0.810848373521593,0.188841175566293
739,0.0122534331475503,0.247665520502445,0.740081046350005
741,0.000315733352184045,0.76916018557575,0.230524081072066
743,0.00301394646512405,0.45849352761873,0.538492525916146
745,0.0955140650261527,0.0809100104120661,0.823575924561781
746,0.0158582685032746,0.483469252175771,0.500672479320954
747,7.62269916965014e-06,0.745744588545503,0.254247788755328
750,7.22563561875999e-05,0.4917671082082,0.508160635435612
751,0.00439230137713908,0.274187793425156,0.721419905197705
753,0.000708805221494056,0.886621859144775,0.112669335633731
754,0.00374726828202633,0.168746942638546,0.827505789079428
756,0.999651392789128,3.83514911143186e-06,0.000344772061760944
761,0.817133886372895,0.00878665226485809,0.174079461362247
766,0.00300965237943128,0.297568154491621,0.699422193128948
772,0.00229374049234737,0.885194676368959,0.112511583138693
775,0.0334700506109752,0.728714882577821,0.237815066811203
777,2.724617097794e-05,0.815533274192284,0.184439479636738
779,0.00692289308096812,0.620801928883114,0.372275178035918
785,0.99838329607201,6.49634746806682e-05,0.00155174045330951
786,0.00883973350271034,0.61506929158449,0.3760909749128
792,0.00873322761531461,0.864032146013537,0.127234626371148
793,0.344297651167323,0.119627478297952,0.536074870534724
797,2.0015130018941e-05,0.852628306046676,0.147351678823305
801,0.238842489114574,0.0281248393245456,0.733032671560881
802,0.0866331254893691,0.300744958581301,0.61262191592933
804,0.504815952863221,0.088224312431232,0.406959734705547
809,0.737199430623292,0.0319940166727172,0.230806552703991
812,0.37256101855195,0.191592139416116,0.435846842031934
813,0.000114555128111892,0.85384298055769,0.146042464314198
814,0.00645671425009821,0.627185844685725,0.366357441064177
817,0.00651308600083508,0.0965021416605127,0.896984772338652
819,0.0181222688306042,0.398195418009455,0.583682313159941
820,9.97837019457363e-06,0.916997001653656,0.0829930199761498
827,0.00066993136099198,0.715449308435009,0.283880760203999
829,0.999256394544917,8.57726376966423e-06,0.000735028191313787
831,0.000218286163318906,0.846559828596126,0.153221885240555
836,0.00047549841423742,0.184123751215513,0.815400750370249
837,0.863522352556509,0.0149574705428082,0.121520176900682
839,0.0420474101561183,0.371901445914179,0.586051143929703
840,0.00834336996224395,0.635899406437308,0.355757223600448
841,0.595090678453718,0.00286576301404636,0.402043558532236
843,0.000404425060401841,0.529051168385927,0.470544406553671
845,0.000648502923791839,0.476310634792203,0.523040862284005
846,0.401812316786807,0.135102195614597,0.463085487598596
847,0.704829444575842,0.0740928511030396,0.221077704321118
849,0.0201772559092217,0.188835136253994,0.790987607836785
851,0.0020356382416314,0.16950787041534,0.828456491343029
855,0.00458483857167303,0.704874615718836,0.290540545709491
858,0.982427636940891,7.11764000761397e-05,0.0175011866590332
861,2.04718940940402e-05,0.312782479731702,0.687197048374204
864,0.0147324560735936,0.23996969117327,0.745297852753136
867,0.0179481599281691,0.487736401968302,0.494315438103529
873,0.361648029465208,0.0512926931800743,0.587059277354717
874,0.985566541147802,0.00167416189311144,0.0127592969590865
877,0.00116138546854032,0.543945868254759,0.454892746276701
878,0.000703130607870807,0.605078449765211,0.394218419626918
886,4.3115342410381e-05,0.527014155516535,0.472942729141055
889,0.0715653611689863,0.258425362097166,0.670009276733848
890,0.0372737604691315,0.298769293763514,0.663956945767355
896,0.981767858868481,0.00131041868006785,0.0169217224514516
897,0.000407602750584409,0.962054354439304,0.037538042810112
3,2.65317483954876e-05,0.873761561699216,0.126211906552389
6,0.137415607571848,0.326230902564761,0.536353489863391
9,0.00207527083196291,0.64519799627739,0.352726732890647
10,0.263093932738824,0.288093240262037,0.448812826999139
13,0.978620817844701,0.000715681946767936,0.0206635002085309
14,0.998737259011525,5.23343096093677e-06,0.00125750755751385
15,0.00168855921056147,0.73437834864148,0.263933092147959
16,0.000190435347590021,0.469954429026021,0.529855135626389
17,0.0188846578179642,0.0702739772352943,0.910841364946742
18,2.6132624703467e-05,0.77698678834096,0.222987079034337
20,0.966465549267002,0.0010380369346259,0.0324964137983716
21,0.00130025318485304,0.709300482177207,0.28939926463794
24,0.320317473877611,0.0700798801204849,0.609602646001904
26,0.983009610651499,0.00270584783104159,0.0142845415174594
33,5.22846206307619e-05,0.871861733753042,0.128085981626327
38,0.848752164989339,0.016594779222094,0.134653055788567
40,0.00532459269551331,0.582619382783974,0.412056024520513
41,0.994611039591066,2.40274634177659e-05,0.00536493294551667
42,0.959376487221634,0.00122708205488905,0.0393964307234772
43,0.00127698400604739,0.731170850294743,0.26755216569921
44,0.00054504832954778,0.631472990873638,0.367981960796815
46,0.000839359809267053,0.548117726742539,0.451042913448194
48,2.33000044483959e-05,0.543785869607599,0.456190830387953
49,0.413347907709291,0.0487488168189112,0.537903275471798
50,0.0316862554195181,0.360332766207915,0.607980978372567
51,4.66734159073967e-05,0.259107391988626,0.740845934595467
52,1.69917626683051e-05,0.851176580023917,0.148806428213414
53,0.00246425847557965,0.341526795446738,0.656008946077682
55,6.17326916264052e-05,0.956060326249984,0.0438779410583899
57,0.00056699673034267,0.516754038656477,0.48267896461318
59,0.000790199783376969,0.550422756752841,0.448787043463782
60,0.000662166258886679,0.808736551128667,0.190601282612447
61,0.000478193674972484,0.961177795851412,0.0383440104736154
63,0.000389945908772176,0.468910862552513,0.530699191538715
64,0.0114956887371848,0.222347033162808,0.766157278100007
65,2.45322205687221e-05,0.930398578586948,0.0695768891924837
66,0.488600154455175,0.0773822954187521,0.434017550126073
67,0.00357917487360594,0.519709300305401,0.476711524820993
68,0.995220724237699,0.000218301826064246,0.00456097393623673
74,0.00017918987110094,0.680711799251613,0.319109010877286
76,0.527563348052028,0.0171676068567997,0.455269045091172
77,0.000639372035409404,0.739784734541946,0.259575893422644
78,0.000197792759640429,0.545011013376741,0.454791193863618
81,0.00075348939298925,0.536979268530451,0.46226724207656
83,0.674778806553166,0.00311321793715344,0.322107975509681
87,0.00282544808261699,0.711665077090852,0.285509474826531
92,9.90166631860735e-05,0.891882611116181,0.108018372220633
97,7.5835312149029e-05,0.825107350381768,0.174816814306083
98,0.000373559918147912,0.846355678947909,0.153270761133944
99,0.422715865755602,0.0371668783150731,0.540117255929325
100,0.00788840987724517,0.354836422430591,0.637275167692164
101,0.0867288155450313,0.572016045947427,0.341255138507541
102,0.999835233285378,6.83071351608841e-07,0.00016408364327068
104,0.0392955743675047,0.143502148139323,0.817202277493172
105,0.00130681286634121,0.0564379673060888,0.94225521982757
106,0.998404372961497,3.07081818378033e-05,0.00156491885666478
108,0.00930069399739408,0.116304234267293,0.874395071735313
110,0.00396639050784661,0.510754518138758,0.485279091353396
112,1.31981726541231e-05,0.965820139513617,0.0341666623137286
114,0.973181578369442,0.00149510616920139,0.0253233154613564
116,0.00383024377774248,0.615239810115856,0.380929946106402
117,7.81713940132871e-05,0.783223987252598,0.216697841353389
120,0.934644798216665,0.000669472788363628,0.0646857289949715
121,0.00150897968486194,0.239764895888421,0.758726124426717
122,2.15940345310199e-06,0.802756878853955,0.197240961742592
123,0.00889492088638383,0.681361746819016,0.3097433322946
124,2.55752853056818e-05,0.923427470941435,0.0765469537732594
126,0.0100892728316608,0.557058596207168,0.432852130961171
127,0.188880633047986,0.263810808111149,0.547308558840865
132,0.00134003931509289,0.700108253628027,0.29855170705688
134,0.542848285806777,0.0325900529702373,0.424561661222986
135,0.542201351870377,0.134313160629718,0.323485487499905
136,0.011028984352228,0.775126014152755,0.213845001495017
137,0.000850899526988819,0.819493858348902,0.179655242124109
138,0.00908875214437695,0.368298969128573,0.62261227872705
139,0.000681033150871906,0.817238712638268,0.18208025421086
140,0.000113923838585303,0.580600774174644,0.419285301986771
144,6.30376085209774e-05,0.492446773293578,0.5074901890979
145,0.951312227914647,0.000776649280663402,0.0479111228046901
146,0.0221287469156588,0.116653315696991,0.86121793738735
147,0.960876319135743,0.000568843449037071,0.0385548374152199
148,1.60387137365389e-05,0.314350207782124,0.685633753504139
149,0.00053088809254939,0.786508498044608,0.212960613862843
150,0.000997681331039542,0.504504686595227,0.494497632073734
151,0.750804745946443,0.0251910574710217,0.224004196582536
152,0.999334587656596,2.92874568336456e-06,0.000662483597720639
153,0.97434192939272,7.17445701912682e-05,0.0255863260370883
154,0.0202835840704131,0.138984866579916,0.840731549349671
156,0.999170756980566,1.59580438606882e-05,0.000813284975573745
158,0.968979043319153,0.000774874984140672,0.0302460816967061
160,0.99993631457957,9.21446586747093e-08,6.35932757713294e-05
164,0.977082426328197,0.00207303752209059,0.0208445361497123
166,0.00299324347530236,0.389779322860894,0.607227433663804
167,0.163280482055628,0.0651212302394794,0.771598287704893
169,0.995670169768176,5.10542336070803e-05,0.00427877599821701
171,0.946763673046451,0.00284394440720869,0.0503923825463407
173,0.400797660149802,0.0559693354227423,0.543233004427456
178,0.301303173916847,0.0691919193022932,0.62950490678086
179,7.42081589642865e-05,0.483816984121786,0.51610880771925
181,0.595978553983155,0.0126225426221198,0.391398903394725
182,0.000597119961195135,0.567060643832281,0.432342236206524
183,0.0342749903106352,0.218878743604234,0.746846266085131
184,0.00179295914690698,0.475353350622876,0.522853690230217
187,0.615904281606252,0.0364724067302053,0.347623311663542
188,7.43028878911731e-06,0.995567818221506,0.00442475148970456
190,8.16609094203508e-05,0.645591002467311,0.354327336623268
191,0.000991375298824643,0.541479823940758,0.457528800760418
196,0.567891500062728,0.0386533581625562,0.393455141774715
198,0.0019329159362551,0.738535280823542,0.259531803240203
200,0.000678323586038343,0.782548523585969,0.216773152827993
201,0.65299674422761,0.00937163224398263,0.337631623528407
202,0.458811619580812,0.0265508904432273,0.514637489975961
203,0.505229766811029,0.0233368776498436,0.471433355539127
207,0.0330589532978195,0.393884828832844,0.573056217869337
209,0.000329418439607664,0.764245117714271,0.235425463846121
210,0.843283563736449,0.00441644213918537,0.152299994124366
211,0.0265409795978486,0.0611519901361008,0.912307030266051
212,6.12423467494842e-05,0.543028254458624,0.456910503194627
213,1.9578253608236e-05,0.779569118019619,0.220411303726773
214,0.952444940094631,0.00314155784640362,0.0444135020589656
217,0.0324949524622603,0.345301170858963,0.622203876678777
220,0.755690066771897,0.00513396304236765,0.239175970185735
221,0.980375174848017,0.000198263291078693,0.0194265618609046
223,0.000804699010845827,0.592843400259908,0.406351900729247
225,9.18773681438715e-07,0.94694156648498,0.0530575147413381
228,0.996686296274887,0.000147870456697982,0.00316583326841454
231,0.960494631602639,0.000530326499214676,0.0389750418981467
232,0.994760251364019,0.00048807349745557,0.00475167513852552
234,0.000487544588805052,0.961179592172302,0.0383328632388925
235,0.000754794950631061,0.598582436479,0.400662768570369
236,0.980320661407854,0.000234034291483711,0.0194453043006625
238,0.0174184995578517,0.273859378475297,0.708722121966851
239,0.0019552392962121,0.345140972046407,0.652903788657381
240,2.21386564360941e-06,0.860203622673488,0.139794163460868
241,0.416009049578947,0.0701619672673046,0.513828983153749
242,0.00553323766696209,0.518118440619209,0.476348321713829
243,1.42960025775438e-07,0.973133028663848,0.026866828376126
244,0.000781013293338532,0.49093014953855,0.508288837168112
245,0.0115726866654858,0.0711285919045092,0.917298721430005
246,0.853674713819313,0.00541171498200812,0.140913571198679
248,7.3078312609848e-07,0.944509384583978,0.0554898846328961
249,0.840440376636882,0.00411889677115167,0.155440726591967
250,0.6465238032748,0.0306116314858238,0.322864565239376
251,0.000299711913930306,0.806321495955976,0.193378792130094
252,0.000859085115320783,0.632657701010466,0.366483213874214
253,0.977367553540886,0.000782944804149668,0.0218495016549648
254,0.00084852908591272,0.605939560693434,0.393211910220653
255,0.692327658127158,0.00787254307579876,0.299799798797043
256,0.999834151144149,3.53164673315086e-07,0.000165495691177488
257,0.50506543219576,0.0489245517129785,0.446010016091261
259,0.000348491861008434,0.653180076175766,0.346471431963225
260,0.0170421531842406,0.761551341814999,0.221406505000761
267,0.000355042394262074,0.599590963216364,0.400053994389374
269,0.00756027195063565,0.367679980555227,0.624759747494138
270,0.0026430633496706,0.147795014811309,0.84956192183902
271,0.997875124982154,4.80928605390227e-05,0.00207678215730684
273,1.04146307135935e-05,0.943935866223691,0.0560537191455953
274,2.13019924210115e-05,0.908740994403822,0.0912377036037574
275,0.978729193951004,0.000800158894578575,0.0204706471544178
276,7.00844321532502e-05,0.988039546246006,0.0118903693218408
277,8.33038955844536e-06,0.946361786936409,0.0536298826740326
278,0.000621597277013278,0.764379241916461,0.234999160806526
279,6.03974539582991e-05,0.574327417985292,0.42561218456075
280,0.000323860858942213,0.491103970501726,0.508572168639332
281,0.99827562848581,1.54994675843162e-05,0.0017088720466056
284,0.998462081602001,9.01988137217905e-06,0.00152889851662715
288,0.186903926906063,0.141858789248719,0.671237283845218
289,0.999924360180189,7.81509102180029e-07,7.48583107091106e-05
290,0.0105153496693417,0.223831357060207,0.765653293270451
292,0.892496604731452,0.00623662971498054,0.101266765553568
295,0.988435420374199,0.000207249476091314,0.0113573301497094
297,0.0010528625360418,0.781991794860543,0.216955342603415
298,0.999971191128656,1.89296342875249e-07,2.86195750013905e-05
303,0.00409522991646128,0.557383635665275,0.438521134418263
304,0.00303886252277622,0.835589123708929,0.161372013768295
308,5.5897668856428e-05,0.936860628780314,0.0630834735508299
309,0.731542171788425,0.00921018864877607,0.259247639562799
310,2.11760225105061e-06,0.956180957447079,0.0438169249506696
311,6.46237816376553e-06,0.769922449723406,0.23007108789843
312,0.000752275845518539,0.70693713470974,0.292310589444742
314,0.989889797527513,0.000236267380905816,0.00987393509158102
316,0.91963906533714,0.0182064434544806,0.0621544912083792
317,0.000109949002401764,0.809119442403377,0.190770608594221
318,0.998394218606578,3.78291738640515e-05,0.00156795221955788
319,0.998479679985413,1.98432923274173e-05,0.0015004767222596
320,0.0395865176289231,0.214301749249098,0.746111733121979
322,0.0547217246910282,0.275449349290154,0.669828926018818
326,0.000139803813258636,0.739614250005863,0.260245946180879
328,0.0228764717928654,0.80019817404276,0.176925354164375
330,0.999096618294709,8.57871067831467e-06,0.000894802994612492
331,0.998394722548885,5.72716494298783e-05,0.00154800580168539
332,1.06272088256332e-06,0.893205614510379,0.106793322768738
334,0.0127642255440262,0.0434656444457761,0.943770130010198
335,0.972727476775033,0.00107453190176901,0.0261979913231978
337,0.000380154650563912,0.963373728923203,0.0362461164262332
341,0.147660676029681,0.330324164182447,0.522015159787872
344,0.00962079242414491,0.227877450051024,0.762501757524832
345,0.0022722545299043,0.37914203487938,0.618585710590716
347,0.00191386512320242,0.769124961489157,0.22896117338764
348,6.34198594567118e-05,0.833598964078857,0.166337616061686
349,0.996603282839163,6.38446312172859e-05,0.0033328725296195
350,0.999285028120551,3.61186200303582e-06,0.000711360017445764
352,0.999875858324648,6.75774595369908e-08,0.000124074097892371
353,0.939463782158238,0.000967583567282491,0.0595686342744798
354,0.000677624680587136,0.645073375481058,0.354248999838355
356,0.944719604708629,0.000884927528340611,0.05439546776303
357,0.061163891964825,0.15958475551469,0.779251352520485
360,0.479703329514159,0.0150045689725219,0.505292101513319
361,0.0252327941051592,0.239156521822857,0.735610684071983
363,0.000147655607001021,0.763414645411097,0.236437698981901
364,0.367381169061877,0.033168998168385,0.599449832769738
365,0.433102918365411,0.131159285585316,0.435737796049273
370,0.983796649526346,0.000427970908153663,0.0157753795655
371,0.999822972070955,2.50141630394376e-06,0.000174526512740561
372,0.0509102000407046,0.0626027345827028,0.886487065376593
373,0.492504696583394,0.0483594858785188,0.459135817538087
374,0.00035846702717565,0.706739750741341,0.292901782231483
376,0.999975098398051,9.55584999198686e-08,2.48060434493144e-05
377,5.11297496758318e-05,0.967045638477765,0.0329032317725588
378,0.00120676359673771,0.191174689436195,0.807618546967068
379,0.0034046852823951,0.299008399089117,0.697586915628488
380,0.0537338290426315,0.0948901277357731,0.851376043221595
381,0.107821204592882,0.171408332129674,0.720770463277444
382,8.0887021832085e-06,0.881616485197184,0.118375426100633
383,0.000282626523234969,0.765380657015788,0.234336716460977
384,0.0118591149325696,0.121415391276523,0.866725493790907
386,0.999575421717515,6.47005717215858e-06,0.000418108225313163
388,0.999084499928647,2.40936674942411e-06,0.000913090704603346
391,0.025001062190873,0.120661892233839,0.854337045575288
392,0.893585754204301,0.00341964351558806,0.102994602280111
395,0.10547806446046,0.0312238651409251,0.863298070398615
396,0.0331271782000141,0.242156228829278,0.724716592970708
398,0.959340671801585,0.00142804769419485,0.0392312805042203
400,0.999708483417667,4.34248598572351e-06,0.000287174096347339
402,0.999612547804729,6.68368831887826e-06,0.00038076850695171
403,0.000282245019790508,0.67306340138088,0.32665435359933
405,0.829925827151285,0.0121103114934765,0.157963861355238
406,5.07605300272086e-06,0.966674854768593,0.0333200691784042
407,0.160315002866948,0.340355586418691,0.499329410714361
408,0.130671325125909,0.30017073225299,0.569157942621101
411,0.986140436604345,0.000422257047188346,0.0134373063484664
413,0.974727534204017,0.00030356174711507,0.0249689040488679
414,0.999991362877169,2.2019436796916e-08,8.61510339459282e-06
415,0.998170379809188,3.99184369356951e-05,0.00178970175387654
417,0.0816475003067525,0.172448363754101,0.745904135939146
418,0.421216183180821,0.086046398653914,0.492737418165265
420,0.00592649671427535,0.245933203776844,0.748140299508881
423,0.999990017271412,3.90675486251632e-08,9.94366103958409e-06
424,0.952604838232918,0.00123971452483809,0.0461554472422438
425,0.00130926553665544,0.369340954968014,0.62934977949533
426,0.992080895830773,0.000148127315307724,0.00777097685391931
430,0.821671424765242,0.00401300089723055,0.174315574337528
431,0.695390509920581,0.0149361654471731,0.289673324632245
432,0.425265086797509,0.374559913439565,0.200174999762926
433,0.0202961398185838,0.519639129985592,0.460064730195824
436,9.4001316254371e-05,0.715374797239833,0.284531201443912
437,0.999654019020535,1.83883108041413e-06,0.000344142148385063
438,3.94653866861139e-06,0.910630817156351,0.0893652363049806
439,0.142223730913378,0.115161178686367,0.742615090400255
440,0.994010415631526,0.000105103182752426,0.00588448118572132
441,0.938059114669005,0.00292372171032386,0.0590171636206714
442,0.000112112496892283,0.220704005870754,0.779183881632354
443,0.987835989292408,0.00012931043967413,0.0120347002679182
444,0.085068812626218,0.411134734889827,0.503796452483955
445,0.00532084670658785,0.318510371081223,0.676168782212189
446,0.000130297602196714,0.96528294701483,0.0345867553829735
449,0.015069424138972,0.626493664263597,0.358436911597431
451,0.00399306683505688,0.541660156267887,0.454346776897056
452,0.46067379801501,0.0477081471587855,0.491618054826204
453,0.886303376316581,0.00483089020726592,0.108865733476153
455,0.000108389616835993,0.716465628219393,0.283425982163771
456,0.00532827913104284,0.285512511976218,0.709159208892739
457,0.718453485468614,0.0322748444473037,0.249271670084082
459,0.177460734683707,0.0206063708172385,0.801932894499055
460,2.95013671824881e-05,0.967068696102991,0.0329018025298261
461,0.000168621410514665,0.689197988393241,0.310633390196245
463,0.00088517708279002,0.403504163394469,0.595610659522742
468,0.00584514209273157,0.543378319841108,0.450776538066161
469,8.54342306179908e-05,0.218468822631555,0.781445743137827
471,0.831042325200854,0.00904958846282558,0.159908086336321
473,0.994417369787342,2.2446598564054e-05,0.00556018361409443
474,0.0483899131191579,0.0736150824507926,0.877995004430049
475,8.46105010826253e-07,0.993496630203697,0.00650252369129212
477,7.26497832035608e-05,0.817478606110972,0.182448744105824
478,0.00144200070412859,0.812315130751646,0.186242868544226
479,3.06483471474853e-05,0.44208470303762,0.557884648615232
480,0.583612359029406,0.0426842608721976,0.373703380098396
483,0.0345738237215103,0.610841864264734,0.354584312013756
484,0.520892565095053,0.0969959473616803,0.382111487543266
485,0.905598871906677,0.00212945901019908,0.092271669083124
486,0.00221480958915937,0.37696479119754,0.6208203992133
488,0.985992811363453,0.000732442042086259,0.013274746594461
489,3.4594818720665e-06,0.767904874012826,0.232091666505302
